1.455e+00 1.310e+02 4.339e+03 5.286e+04 2.369e+05 3.906e+05 2.369e+05 5.286e+04 4.339e+03 1.310e+02 1.455e+00 
2.159e+00 1.943e+02 6.435e+03 7.839e+04 3.513e+05 5.792e+05 3.513e+05 7.839e+04 6.435e+03 1.943e+02 2.159e+00 
3.149e+00 2.835e+02 9.388e+03 1.144e+05 5.126e+05 8.451e+05 5.126e+05 1.144e+05 9.388e+03 2.835e+02 3.149e+00 
4.520e+00 4.069e+02 1.347e+04 1.641e+05 7.357e+05 1.213e+06 7.357e+05 1.641e+05 1.347e+04 4.069e+02 4.520e+00 
6.382e+00 5.745e+02 1.902e+04 2.318e+05 1.039e+06 1.712e+06 1.039e+06 2.318e+05 1.902e+04 5.745e+02 6.382e+00 
8.863e+00 7.978e+02 2.642e+04 3.219e+05 1.443e+06 2.378e+06 1.443e+06 3.219e+05 2.642e+04 7.978e+02 8.863e+00 
1.211e+01 1.090e+03 3.610e+04 4.397e+05 1.971e+06 3.249e+06 1.971e+06 4.397e+05 3.610e+04 1.090e+03 1.211e+01 
1.627e+01 1.465e+03 4.851e+04 5.910e+05 2.649e+06 4.367e+06 2.649e+06 5.910e+05 4.851e+04 1.465e+03 1.627e+01 
2.151e+01 1.937e+03 6.414e+04 7.813e+05 3.502e+06 5.773e+06 3.502e+06 7.813e+05 6.414e+04 1.937e+03 2.151e+01 
2.798e+01 2.519e+03 8.341e+04 1.016e+06 4.554e+06 7.508e+06 4.554e+06 1.016e+06 8.341e+04 2.519e+03 2.798e+01 
3.580e+01 3.222e+03 1.067e+05 1.300e+06 5.826e+06 9.606e+06 5.826e+06 1.300e+06 1.067e+05 3.222e+03 3.580e+01 
4.505e+01 4.055e+03 1.343e+05 1.636e+06 7.332e+06 1.209e+07 7.332e+06 1.636e+06 1.343e+05 4.055e+03 4.505e+01 
5.577e+01 5.021e+03 1.663e+05 2.025e+06 9.077e+06 1.497e+07 9.077e+06 2.025e+06 1.663e+05 5.021e+03 5.577e+01 
6.792e+01 6.114e+03 2.025e+05 2.467e+06 1.105e+07 1.823e+07 1.105e+07 2.467e+06 2.025e+05 6.114e+03 6.792e+01 
8.137e+01 7.325e+03 2.426e+05 2.955e+06 1.324e+07 2.184e+07 1.324e+07 2.955e+06 2.426e+05 7.325e+03 8.137e+01 
9.590e+01 8.632e+03 2.859e+05 3.483e+06 1.561e+07 2.573e+07 1.561e+07 3.483e+06 2.859e+05 8.632e+03 9.590e+01 
1.112e+02 1.001e+04 3.314e+05 4.037e+06 1.809e+07 2.983e+07 1.809e+07 4.037e+06 3.314e+05 1.001e+04 1.112e+02 
1.268e+02 1.141e+04 3.779e+05 4.604e+06 2.063e+07 3.402e+07 2.063e+07 4.604e+06 3.779e+05 1.141e+04 1.268e+02 
1.422e+02 1.280e+04 4.240e+05 5.165e+06 2.315e+07 3.816e+07 2.315e+07 5.165e+06 4.240e+05 1.280e+04 1.422e+02 
1.570e+02 1.413e+04 4.679e+05 5.700e+06 2.555e+07 4.212e+07 2.555e+07 5.700e+06 4.679e+05 1.413e+04 1.570e+02 
1.704e+02 1.534e+04 5.079e+05 6.188e+06 2.773e+07 4.572e+07 2.773e+07 6.188e+06 5.079e+05 1.534e+04 1.704e+02 
1.820e+02 1.638e+04 5.424e+05 6.608e+06 2.961e+07 4.883e+07 2.961e+07 6.608e+06 5.424e+05 1.638e+04 1.820e+02 
1.911e+02 1.721e+04 5.698e+05 6.942e+06 3.111e+07 5.129e+07 3.111e+07 6.942e+06 5.698e+05 1.721e+04 1.911e+02 
1.975e+02 1.778e+04 5.888e+05 7.173e+06 3.215e+07 5.300e+07 3.215e+07 7.173e+06 5.888e+05 1.778e+04 1.975e+02 
2.008e+02 1.808e+04 5.986e+05 7.292e+06 3.268e+07 5.388e+07 3.268e+07 7.292e+06 5.986e+05 1.808e+04 2.008e+02 
2.008e+02 1.808e+04 5.986e+05 7.292e+06 3.268e+07 5.388e+07 3.268e+07 7.292e+06 5.986e+05 1.808e+04 2.008e+02 
1.975e+02 1.778e+04 5.888e+05 7.173e+06 3.215e+07 5.300e+07 3.215e+07 7.173e+06 5.888e+05 1.778e+04 1.975e+02 
1.911e+02 1.721e+04 5.698e+05 6.942e+06 3.111e+07 5.129e+07 3.111e+07 6.942e+06 5.698e+05 1.721e+04 1.911e+02 
1.820e+02 1.638e+04 5.424e+05 6.608e+06 2.961e+07 4.883e+07 2.961e+07 6.608e+06 5.424e+05 1.638e+04 1.820e+02 
1.704e+02 1.534e+04 5.079e+05 6.188e+06 2.773e+07 4.572e+07 2.773e+07 6.188e+06 5.079e+05 1.534e+04 1.704e+02 
1.570e+02 1.413e+04 4.679e+05 5.700e+06 2.555e+07 4.212e+07 2.555e+07 5.700e+06 4.679e+05 1.413e+04 1.570e+02 
1.422e+02 1.280e+04 4.240e+05 5.165e+06 2.315e+07 3.816e+07 2.315e+07 5.165e+06 4.240e+05 1.280e+04 1.422e+02 
1.268e+02 1.141e+04 3.779e+05 4.604e+06 2.063e+07 3.402e+07 2.063e+07 4.604e+06 3.779e+05 1.141e+04 1.268e+02 
1.112e+02 1.001e+04 3.314e+05 4.037e+06 1.809e+07 2.983e+07 1.809e+07 4.037e+06 3.314e+05 1.001e+04 1.112e+02 
9.590e+01 8.632e+03 2.859e+05 3.483e+06 1.561e+07 2.573e+07 1.561e+07 3.483e+06 2.859e+05 8.632e+03 9.590e+01 
8.137e+01 7.325e+03 2.426e+05 2.955e+06 1.324e+07 2.184e+07 1.324e+07 2.955e+06 2.426e+05 7.325e+03 8.137e+01 
6.792e+01 6.114e+03 2.025e+05 2.467e+06 1.105e+07 1.823e+07 1.105e+07 2.467e+06 2.025e+05 6.114e+03 6.792e+01 
5.577e+01 5.021e+03 1.663e+05 2.025e+06 9.077e+06 1.497e+07 9.077e+06 2.025e+06 1.663e+05 5.021e+03 5.577e+01 
4.505e+01 4.055e+03 1.343e+05 1.636e+06 7.332e+06 1.209e+07 7.332e+06 1.636e+06 1.343e+05 4.055e+03 4.505e+01 
3.580e+01 3.222e+03 1.067e+05 1.300e+06 5.826e+06 9.606e+06 5.826e+06 1.300e+06 1.067e+05 3.222e+03 3.580e+01 
2.798e+01 2.519e+03 8.341e+04 1.016e+06 4.554e+06 7.508e+06 4.554e+06 1.016e+06 8.341e+04 2.519e+03 2.798e+01 
2.151e+01 1.937e+03 6.414e+04 7.813e+05 3.502e+06 5.773e+06 3.502e+06 7.813e+05 6.414e+04 1.937e+03 2.151e+01 
1.627e+01 1.465e+03 4.851e+04 5.910e+05 2.649e+06 4.367e+06 2.649e+06 5.910e+05 4.851e+04 1.465e+03 1.627e+01 
1.211e+01 1.090e+03 3.610e+04 4.397e+05 1.971e+06 3.249e+06 1.971e+06 4.397e+05 3.610e+04 1.090e+03 1.211e+01 
8.863e+00 7.978e+02 2.642e+04 3.219e+05 1.443e+06 2.378e+06 1.443e+06 3.219e+05 2.642e+04 7.978e+02 8.863e+00 
6.382e+00 5.745e+02 1.902e+04 2.318e+05 1.039e+06 1.712e+06 1.039e+06 2.318e+05 1.902e+04 5.745e+02 6.382e+00 
4.520e+00 4.069e+02 1.347e+04 1.641e+05 7.357e+05 1.213e+06 7.357e+05 1.641e+05 1.347e+04 4.069e+02 4.520e+00 
3.149e+00 2.835e+02 9.388e+03 1.144e+05 5.126e+05 8.451e+05 5.126e+05 1.144e+05 9.388e+03 2.835e+02 3.149e+00 
2.159e+00 1.943e+02 6.435e+03 7.839e+04 3.513e+05 5.792e+05 3.513e+05 7.839e+04 6.435e+03 1.943e+02 2.159e+00 
1.455e+00 1.310e+02 4.339e+03 5.286e+04 2.369e+05 3.906e+05 2.369e+05 5.286e+04 4.339e+03 1.310e+02 1.455e+00 
