0.000e+00 
2.449e-15 
4.898e-15 
7.347e-15 
9.796e-15 
1.224e-14 
1.469e-14 
1.714e-14 
1.959e-14 
2.204e-14 
2.449e-14 
2.694e-14 
2.939e-14 
3.184e-14 
3.429e-14 
3.673e-14 
3.918e-14 
4.163e-14 
4.408e-14 
4.653e-14 
4.898e-14 
5.143e-14 
5.388e-14 
5.633e-14 
5.878e-14 
6.122e-14 
6.367e-14 
6.612e-14 
6.857e-14 
7.102e-14 
7.347e-14 
7.592e-14 
7.837e-14 
8.082e-14 
8.327e-14 
8.571e-14 
8.816e-14 
9.061e-14 
9.306e-14 
9.551e-14 
9.796e-14 
1.004e-13 
1.029e-13 
1.053e-13 
1.078e-13 
1.102e-13 
1.127e-13 
1.151e-13 
1.176e-13 
1.200e-13 
