0.0007789589215695942
0.0007487474119543749
0.0007189714189148055
0.0006896395845955533
0.0006607607031604152
0.0006323437236914066
0.0006043977531502246
0.0005769320594034189
0.0005499560743111802
0.0005234793968836574
0.0004975117965044019
0.00047206321622304337
0.0004471437761200064
0.0004227637767437647
0.0003989337026222379
0.0003756642258512154
0.00035296620976146007
0.0003308507126653912
0.00030932899168586926
0.0002884125066702636
0.00026811292418974246
0.00024844212162754986
0.00022941219135797782
0.00021103544501771874
0.0001933244178732734
0.0001762918732850391
0.00015995080727230175
0.00014431445317966956
0.0001293962864498901
0.00011521002950335934
0.00010176965672876171
0.0000890893995868431
0.00007718375183043405
0.00006606747484312693
0.000055755603101144435
0.00004626344975956309
0.00003760661236753424
0.000029800978715657515
0.000033551006059000996
0.00003375785269303911
0.00003396661809784151
0.0000341773260791151
0.00003439000081290317
0.000034604666852522796
0.00003482134913565087
0.00003504007299156601
0.00003526086414855378
0.00003548374874146932
0.000035708753319473266
0.0000359359048539412
0.000036165230746539345
0.0000363967588374978
0.000036630517414051986
0.00003486238592856845
0.00004427057690326463
0.00005487313590264349
0.00006669277946837489
0.00007975266508911527
0.00009407640078375923
0.00010968805491973956
0.00012661216627349303
0.00014487375433962536
0.00016449832989558585
0.00018551190582948124
0.00020794100823722108
0.000231812687798073
0.0002571545314353185
0.00028399467427075244
0.0003123618118806922
0.0003422852128625994
0.0003737947317214884
0.00040692082208377097
0.00044169455025017736
0.00047814760909509527
0.0005163123323247751
0.0005562217091025024
0.0005979093990531286
0.0006414097476571694
0.0006867578020460556
0.0007339893272106128
0.000783140822634
0.0008342495393635284
0.0008873534975319157
0.0009424915043434849
0.0009997031725378692
0.0010590289393465529
0.0011205100859557557
0.0011841887574923454
0.001250107983548083
0.0013183116992574575
0.0013888447669480482
0.001461752998379676
0.0015370831775899508
0.0016148830843661288
0.0016952015183617608
0.0017780883238796923
0.0018635944153381385
0.0019517718034470638
0.002042673622111565
0.0021363541560896673
0.0022328688694247044
0.002332274434678652
0.0024346287629933815
0.002539991035001546
0.0026484217326200794
0.002759982671750922
0.002874737035918705
0.002992749410877693
0.0031140858202163427
0.00323881376199681
0.0033670022464563605
0.003498721834813581
0.003634044679209514
0.003773044563824379
0.003915796947208443
0.004062379005868225
0.0042128696791481676
0.0043673497154529
0.004525901719856186
0.004688610203141416
0.0048555616323237285
